1
0
0
0
0
0
0
0
0
0
0
0
0
0
0
0
0
0
19
0
0
0
0
0
0
0
27
0
0
0
0
0
0
0
0
0
0
0
0
0
0
0
0
0
0
0
0
0
0
0
0
52
0
0
0
0
0
0
0
0
0
0
0
0
0
0
0
68
0
0
0
0
0
0
0
0
0
0
0
0
0
0
0
0
0
0
87
0
0
0
0
0
0
0
0
0
0
98
0
0
0
0
0
0
0
0
0
0
0
0
0
0
0
0
0
0
0
0
0
0
0
0
0
0
0
0
0
128
0
0
0
0
0
0
0
0
0
0
0
0
0
0
0
0
0
0
0
0
0
0
0
152
0
0
0
0
0
0
0
0
0
0
0
0
0
0
0
0
0
0
0
0
0
0
0
0
0
178
0
0
0
0
0
0
0
0
0
0
0
0
0
0
0
0
0
0
197
0
0
0
0
0
0
0
0
206
0
0
0
0
0
0
0
0
0
0
0
0
0
0
0
0
0
0
0
0
0
0
0
0
0
0
0
0
0
0
237
0
0
0
0
0
0
0
0
0
0
0
0
0
0
0
0
0
0
0
0
0
0
0
261
0
0
0
0
0
0
0
0
0
271
0
0
0
0
0
0
0
0
0
0
0
0
0
0
0
0
0
0
0
0
0
0
0
0
0
0
298
0
0
0
0
0
0
0
0
0
0
0
0
0
0
0
0
0
0
0
0
319
0
0
0
0
0
0
0
0
0
0
0
0
0
0
0
0
0
0
0
0
0
0
0
0
0
0
346
0
0
0
0
0
352
0
0
0
0
0
0
0
0
0
0
0
0
0
366
0
0
0
0
0
0
0
0
0
0
0
0
0
0
0
0
0
0
0
0
0
0
0
0
0
392
0
0
0
0
0
0
0
0
0
0
0
0
0
0
0
0
0
410
0
0
0
0
0
0
0
0
0
0
0
0
0
0
0
0
0
0
0
0
0
0
433
0
0
0
0
0
0
0
0
0
0
0
0
0
0
0
0
0
0
0
0
0
0
456
0
0
0
0
0
0
0
0
0
0
0
0
0
0
0
0
0
0
0
0
0
0
0
0
0
0
0
484
0
0
0
0
0
0
0
0
0
0
0
0
0
0
0
0
0
0
0
0
0
0
0
0
0
0
0
0
0
514
0
0
0
0
0
0
0
0
0
524
0
0
0
0
0
0
0
0
0
0
0
0
537
0
0
0
0
0
0
0
0
0
0
0
0
0
0
0
0
0
555
0
0
0
0
0
561
0
0
0
0
0
0
0
0
0
0
0
0
0
0
0
0
0
0
0
0
0
0
0
0
0
0
0
0
590
0
0
0
0
0
0
0
598
0
0
0
0
0
0
0
0
0
0
0
0
0
0
0
0
0
0
0
0
0
620
0
0
0
0
0
0
0
0
0
0
0
0
0
0
0
636
0
0
0
0
0
0
0
0
0
0
0
0
0
0
0
0
0
0
0
0
0
658
0
0
0
0
0
0
0
0
0
0
0
0
0
0
0
0
0
0
0
0
0
0
0
0
0
684
0
0
0
0
0
0
0
0
0
0
0
0
0
0
0
0
0
0
0
0
0
0
0
0
0
710
0
0
0
0
0
0
0
0
0
0
0
0
0
0
0
0
0
0
0
730
0
0
0
0
0
0
0
0
0
740
0
0
0
0
0
0
0
0
0
0
0
0
0
0
0
0
0
0
0
0
0
0
0
0
0
766
0
0
0
0
0
0
0
0
0
0
0
0
0
0
0
0
0
0
0
0
0
0
0
0
791
0
0
0
0
0
0
0
0
0
0
0
0
0
805
0
0
0
0
0
0
0
0
0
0
0
0
0
0
0
0
0
0
0
0
0
0
0
829
0
0
0
0
0
0
0
0
0
0
0
0
0
0
0
0
0
0
0
0
0
0
0
0
0
0
0
857
0
0
0
0
0
0
0
0
0
0
0
0
0
0
0
0
0
0
0
0
0
0
0
0
0
0
0
885
0
0
0
0
0
0
0
0
0
0
0
0
0
0
0
0
0
0
0
0
0
0
0
0
0
0
912
0
0
0
0
0
0
0
0
0
0
0
0
0
0
0
0
0
0
0
932
0
0
0
0
0
0
0
0
0
0
0
0
0
0
0
0
0
0
0
0
0
954
0
0
0
0
0
0
0
0
0
0
0
0
0
0
0
0
0
0
0
0
0
0
0
0
0
0
0
0
0
0
985
0
0
0
0
0
0
0
0
0
0
0
0
0
0
0
0
0
0
0
1005
0
0
0
0
0
0
0
0
0
1015
0
0
0
0
0
0
1022
0
0
0
0
0
0
0
0
0
0
0
0
0
0
0
0
0
0
0
0
1043
0
0
0
0
0
0
0
0
0
1053
0
0
0
0
0
0
0
0
0
0
0
0
0
0
0
0
1070
0
0
0
0
0
0
0
0
0
0
0
0
0
0
0
0
0
0
0
1090
0
0
0
0
0
0
0
0
0
0
0
0
0
0
1105
0
0
0
0
0
0
0
0
0
0
0
0
0
0
0
0
0
0
0
0
0
0
0
0
0
0
0
0
0
1135
0
0
0
0
0
0
0
0
0
0
0
0
0
1149
0
0
0
0
0
0
0
0
0
0
0
0
0
0
0
0
0
0
0
0
0
0
0
0
1174
0
0
0
0
0
0
0
0
1183
0
0
0
0
0
0
0
0
0
1193
0
0
0
0
0
0
0
0
0
0
0
0
0
1207
0
0
0
0
0
0
0
0
0
0
0
0
0
0
0
0
0
0
0
0
0
0
0
0
1232
0
0
0
0
0
0
0
0
0
0
0
0
0
0
0
0
0
0
0
0
0
0
0
0
0
0
0
0
1261
0
0
0
0
0
0
0
0
0
0
0
0
0
0
0
0
1278
0
0
0
0
0
0
0
0
0
0
0
0
0
0
0
0
0
0
0
0
0
0
1301
0
0
0
0
0
0
0
0
0
0
0
0
0
0
0
0
0
0
0
0
0
0
0
0
0
1327
0
0
0
0
0
0
0
0
0
0
0
1339
0
0
0
0
0
0
0
0
0
0
0
0
0
0
0
0
0
1357
0
0
0
0
0
0
0
0
0
0
0
0
0
0
0
0
0
0
0
1377
0
0
0
0
0
0
0
0
0
0
0
0
0
0
0
0
0
0
0
0
0
0
1400
0
0
0
0
0
0
0
0
0
0
0
0
0
0
0
0
0
0
0
0
0
0
0
1424
0
0
0
0
0
0
0
0
0
0
0
0
0
0
0
0
0
0
0
0
0
0
0
0
0
0
0
1452
0
0
0
0
0
0
0
0
0
0
0
0
0
1466
0
0
0
0
0
0
0
1474
0
0
0
0
0
0
0
0
0
0
0
0
0
0
0
0
0
0
0
0
0
0
0
0
0
0
1501
0
0
0
0
0
0
1508
0
0
0
0
0
0
0
0
1517
0
0
0
0
0
1523
0
0
0
0
0
0
0
0
0
1533
